N=1024 rcvSink=397 allPkt=7622 AllpktEv=512 intervalAggr=10.0 ev=50 nNodesEv=512 NumberNodes=1024 PktDrop=115 Energy=2.6612106799997192E7 EnergyEvent=6893124.000000207
N=1024 rcvSink=398 allPkt=9311 AllpktEv=512 intervalAggr=10.0 ev=50 nNodesEv=512 NumberNodes=1024 PktDrop=114 Energy=3.1371128399994783E7 EnergyEvent=8320130.000000371
N=1024 rcvSink=158 allPkt=18002 AllpktEv=250 intervalAggr=10.0 ev=50 nNodesEv=250 NumberNodes=500 PktDrop=92 Energy=1.1182778800003685E7 EnergyEvent=1496381.1999999613
