N=1024 rcvSink=303 allPkt=18635 AllpktEv=512 intervalAggr=10.0 ev=50 nNodesEv=512 NumberNodes=1024 PktDrop=209 Energy=1.2642594000004074E7 EnergyEvent=2939059.5999997673
N=1024 rcvSink=316 allPkt=24898 AllpktEv=512 intervalAggr=10.0 ev=50 nNodesEv=512 NumberNodes=1024 PktDrop=195 Energy=1.697818120000591E7 EnergyEvent=4135331.5999996117
N=1024 rcvSink=0 allPkt=0 AllpktEv=0 intervalAggr=10.0 ev=50 nNodesEv=250 NumberNodes=500 PktDrop=0 Energy=0.0 EnergyEvent=0.0
N=1024 rcvSink=0 allPkt=0 AllpktEv=0 intervalAggr=10.0 ev=50 nNodesEv=250 NumberNodes=500 PktDrop=0 Energy=0.0 EnergyEvent=0.0
