N=1024 rcvSink=262 allPkt=7283 AllpktEv=512 intervalAggr=10.0 ev=50 nNodesEv=512 NumberNodes=1024 PktDrop=250 Energy=2.5778125199997474E7 EnergyEvent=5217474.000000028
N=1024 rcvSink=251 allPkt=7515 AllpktEv=512 intervalAggr=10.0 ev=50 nNodesEv=512 NumberNodes=1024 PktDrop=261 Energy=2.6349365999997348E7 EnergyEvent=5157445.2000000235
N=1024 rcvSink=121 allPkt=12029 AllpktEv=250 intervalAggr=10.0 ev=50 nNodesEv=250 NumberNodes=500 PktDrop=129 Energy=7533367.60000143 EnergyEvent=812917.6000000185
